 65 76 69 64 65 6e 63 65 2f 0a 65 76 69 64 65 6e
 63 65 2f 73 74 65 70 2d 6f 70 65 6e 63 6f 64 65
 2d 72 65 70 61 69 72 2f 0a 65 76 69 64 65 6e 63
 65 2f 73 74 65 70 2d 6f 70 65 6e 63 6f 64 65 2d
 72 65 70 61 69 72 2f 32 30 32 36 30 32 31 34 54
 31 32 33 33 30 34 5a 2f 0a 65 76 69 64 65 6e 63
 65 2f 73 74 65 70 2d 6f 70 65 6e 63 6f 64 65 2d
 72 65 70 61 69 72 2f 32 30 32 36 30 32 31 34 54
 31 32 33 33 30 34 5a 2f 73 6e 61 70 73 68 6f 74
 73 2f 0a 65 76 69 64 65 6e 63 65 2f 73 74 65 70
 2d 6f 70 65 6e 63 6f 64 65 2d 72 65 70 61 69 72
 2f 32 30 32 36 30 32 31 34 54 31 32 33 33 30 34
 5a 2f 73 6e 61 70 73 68 6f 74 73 2f 61 67 65 6e
 74 2e 6d 64 2e 68 65 61 64 2e 74 78 74 0a 65 76
 69 64 65 6e 63 65 2f 73 74 65 70 2d 6f 70 65 6e
 63 6f 64 65 2d 72 65 70 61 69 72 2f 32 30 32 36
 30 32 31 34 54 31 32 33 33 30 34 5a 2f 73 6e 61
 70 73 68 6f 74 73 2f 6f 68 2d 6d 79 2d 6f 70 65
 6e 63 6f 64 65 2e 6a 73 6f 6e 2e 68 65 61 64 2e
 74 78 74 0a 65 76 69 64 65 6e 63 65 2f 73 74 65
 70 2d 6f 70 65 6e 63 6f 64 65 2d 72 65 70 61 69
 72 2f 32 30 32 36 30 32 31 34 54 31 32 33 33 30
 34 5a 2f 72 75 6e 6c 6f 67 73 2f 0a 65 76 69 64
 65 6e 63 65 2f 73 74 65 70 2d 6f 70 65 6e 63 6f
 64 65 2d 72 65 70 61 69 72 2f 32 30 32 36 30 32
 31 34 54 31 32 33 33 30 34 5a 2f 72 75 6e 6c 6f
 67 73 2f 62 61 63 6b 75 70 2e 6f 70 65 6e 63 6f
 64 65 5f 6a 73 6f 6e 2e 74 78 74 0a 65 76 69 64
 65 6e 63 65 2f 73 74 65 70 2d 6f 70 65 6e 63 6f
 64 65 2d 72 65 70 61 69 72 2f 32 30 32 36 30 32
 31 34 54 31 32 33 33 30 34 5a 2f 72 75 6e 6c 6f
 67 73 2f 72 65 73 74 6f 72 65 2e 61 67 65 6e 74
 6d 64 2e 74 78 74 0a 65 76 69 64 65 6e 63 65 2f
 73 74 65 70 2d 6f 70 65 6e 63 6f 64 65 2d 72 65
 70 61 69 72 2f 32 30 32 36 30 32 31 34 54 31 32
 33 33 30 34 5a 2f 72 75 6e 6c 6f 67 73 2f 6c 73
 2e 61 67 65 6e 74 2e 66 69 6c 65 73 2e 61 66 74
 65 72 2e 74 78 74 0a 65 76 69 64 65 6e 63 65 2f
 73 74 65 70 2d 6f 70 65 6e 63 6f 64 65 2d 72 65
 70 61 69 72 2f 32 30 32 36 30 32 31 34 54 31 32
 33 33 30 34 5a 2f 72 75 6e 6c 6f 67 73 2f 70 77
 64 2e 74 78 74 0a 65 76 69 64 65 6e 63 65 2f 73
 74 65 70 2d 6f 70 65 6e 63 6f 64 65 2d 72 65 70
 61 69 72 2f 32 30 32 36 30 32 31 34 54 31 32 33
 33 30 34 5a 2f 72 75 6e 6c 6f 67 73 2f 6c 73 2e
 6f 70 65 6e 63 6f 64 65 5f 6a 73 6f 6e 2e 62 65
 66 6f 72 65 2e 74 78 74 0a 65 76 69 64 65 6e 63
 65 2f 73 74 65 70 2d 6f 70 65 6e 63 6f 64 65 2d
 72 65 70 61 69 72 2f 32 30 32 36 30 32 31 34 54
 31 32 33 33 30 34 5a 2f 72 75 6e 6c 6f 67 73 2f
 6c 73 2e 6f 70 65 6e 63 6f 64 65 5f 6a 73 6f 6e
 2e 61 66 74 65 72 2e 74 78 74 0a 65 76 69 64 65
 6e 63 65 2f 73 74 65 70 2d 6f 70 65 6e 63 6f 64
 65 2d 72 65 70 61 69 72 2f 32 30 32 36 30 32 31
 34 54 31 32 33 33 30 34 5a 2f 72 75 6e 6c 6f 67
 73 2f 6f 70 65 6e 63 6f 64 65 2e 61 67 65 6e 74
 2e 6c 69 73 74 2e 6c 6f 67 0a 65 76 69 64 65 6e
 63 65 2f 73 74 65 70 2d 6f 70 65 6e 63 6f 64 65
 2d 72 65 70 61 69 72 2f 32 30 32 36 30 32 31 34
 54 31 32 33 33 30 34 5a 2f 72 75 6e 6c 6f 67 73
 2f 6a 73 6f 6e 70 61 72 73 65 2e 6f 70 65 6e 63
 6f 64 65 5f 6a 73 6f 6e 2e 6c 6f 67 0a 65 76 69
 64 65 6e 63 65 2f 73 74 65 70 2d 6f 70 65 6e 63
 6f 64 65 2d 72 65 70 61 69 72 2f 32 30 32 36 30
 32 31 34 54 31 32 33 33 30 34 5a 2f 72 75 6e 6c
 6f 67 73 2f 6c 73 2e 6f 68 6d 79 2e 67 6c 6f 62
 61 6c 2e 74 78 74 0a 65 76 69 64 65 6e 63 65 2f
 73 74 65 70 2d 6f 70 65 6e 63 6f 64 65 2d 72 65
 70 61 69 72 2f 32 30 32 36 30 32 31 34 54 31 32
 33 33 30 34 5a 2f 72 75 6e 6c 6f 67 73 2f 67 68
 5f 74 6f 6b 65 6e 2e 66 6c 61 67 2e 74 78 74 0a
 65 76 69 64 65 6e 63 65 2f 73 74 65 70 2d 6f 70
 65 6e 63 6f 64 65 2d 72 65 70 61 69 72 2f 32 30
 32 36 30 32 31 34 54 31 32 33 33 30 34 5a 2f 72
 75 6e 6c 6f 67 73 2f 6c 73 2e 61 67 65 6e 74 2e
 66 69 6c 65 73 2e 62 65 66 6f 72 65 2e 74 78 74
 0a 65 76 69 64 65 6e 63 65 2f 73 74 65 70 2d 6f
 70 65 6e 63 6f 64 65 2d 72 65 70 61 69 72 2f 32
 30 32 36 30 32 31 34 54 31 32 33 33 30 34 5a 2f
 72 75 6e 6c 6f 67 73 2f 67 69 74 2e 74 6f 70 6c
